.85824362001149967937506458445657842581211346035238 -11.743238371184556553562799655827657144087061069082 27.453148698831408819486742214534814586677562272873 -37.390250265852889836141237574300126325787804537652 51.956612833886751409409338847333960675065719863682 -62.868632058667636691433159845154181026141655454012 76.823150244045252354087972504443335313805281163618 -88.183268616626703367678007368301085270299539021177 101.81012877427930417230738594229754780198157886830 -113.42676565061428224487845722346500056208262671949
1.8738533309718404196506887588121789068783220683836 -13.294285387122410776946247716539567820273441167979 -9.0422197460711599689182914847966539693543192576393 30.401167294185529407920057316261771552499183401888 -33.709057943907687464055784060514255381461500570055 53.975519853985652730569702511209450467453759301172 -59.418520972255168361305636812324903976540790642267 78.229596241090951032030166546700299442801750224793 -85.062561326734201602207115645563240053313378731145 102.80043452953109838590344214914902692743169467526
1.5645064515635350068305959642978089686888598350125 3.2293307990403168705243663508005155976690000427914 -45.904226616338162433185500737206389146953762576755 -8.3353690352971598996740772872138796034310061592143 36.386565199980871137331901844688769587771874747946 -31.260351816702401325973390382994035814793305923697 59.019106539920193646194043886020566206934577790497 -56.566686319708455031872273378528946306110424358017 82.563027488193085958736546929655910282511352823991 -82.286237889457472513122129573550165886546840526184
1.0873664795428478232663729224110812572318430464427 5.5406422509461887217259352341904000204449189529953 4.2536054628307039470773869592603223615999389898806 -98.918210151220536465308597178446175138860486273931 -7.8289508002299052753989773969100803952280268706784 42.234545024574559243801902183524840820501266587988 -29.224458194910670661490952987921483490488333387619 64.258025535533088194296403577685587936294083999764 -53.721993785660460782660815296143022032274492101089 87.237975541736859491172365784817037518884992669369
.91404319782365807006603537617066437839068854702114 3.7164199899990089020740309960092048642481473849038 11.232637811185651610644744623762478909085546263602 4.7360020904374504045367155775420083184273563346638 -171.58465478063915039722973169543877202246279018352 -7.5274278588260662832601116467679972395285032265215 48.266442148666786809319364009091729113735341371227 -27.719989703301408762588087649756286191813767733709 69.840132736919210303088876896215118297205320061246 -51.317478757582358461818009487378797541572221758610
.74038846144131817712587591876495117672929276743834 3.9835910360330948352241551619301543155481955231391 6.4600264561386797299294991306880907700889378221721 17.103141249861342034650476916316916200649968051269 5.0390230252197952459556206459878386666674129624695 -263.99804715070054741830779863111776714502720283533 -7.3231583291450222901890140118016525737937938913193 54.373709742575774617052454552688703215929145225263 -26.573273577439616237034761264876644845082050246480 75.607656783247583888548444928542260713557847723252
.64776339973055726074817506673458263337358354114566 3.1397741699031297588206722107440126529254966325607 8.7323619428733723655103926985488191444916314515622 8.4733119040082867724412339530760616069236505359147 23.133624940415185055322870042546272729978751537287 5.2432079950607179345917476619879679037668714171247 -376.15007940701878730202853026202839456459502313911 -7.1762269989777895964882394955355353963986193960495 60.528018987028733091160105949284862536788220350455 -25.678074434223163557363429659515267439575454978450
.55848906293646714836261786665549587522228043991344 3.1049302636841774892030297263835543482462071867596 6.2864291125868416715122056061906292214210176225021 13.993884601365655337663388839440214373794346567523 9.9791983401986684141092341140369986570298863876448 29.240972583121558969570865081651254273282051483083 5.3901438362706858262125883017122930686872266885156 -508.04135787655109305470295463128940529586577253948 -7.0655274403973817033990946775122705839915994997275 66.712643967761622263887488451880232928669038819908
.50200049143633015505621316901048375570689513943651 2.6284752539523754418305687130839879419799949514010 7.1435414526179857541415204066058518542557572289435 9.1085177517867755751827469804328344309351220249788 19.574574090139329625181007594091350547666388414386 11.125834185294402911657375744491286998245321361775 35.395277548500454167248730613706551171037496385310 5.5008431628824217978114528608182123166580091110416 -659.67184286099859347047505212169563820095852571562 -6.9791689107379039335672037170930725889853842929912
.44773324713293253397103478366040962213578286184938 2.5430273339402805802674385566634527948650354749433 5.6996187610218684530712161833382386783944338686316 11.841093389385382371730484274402834919559304765602 11.514450504101762977688179048583316343563974191221 25.342178405609323978257988685335982735092305564449 12.021037619209356128146264909901390060918049026589 41.579902749577578001078621679711403893609146430477 5.5872017041663368280311155167452735451660325077631 -831.04153678047214864374739468758663226828842379682
