12.362363368326190218719261661176913931429445080514 .16958030957198908115739121845237933493678373487622e-45 -.19584833803665502020485564873514281326444806727146e-44 -.28927871298345174915767913667092458794820986495580e-41 .18592400633725476211598727197838628911177448589306e-39 -.24119559413533635329405387897627963769603164173327e-38 -.10910255577275504692199768224612311706505423116926e-36 .77680620697006716171988612073872062873164775324942e-35 .62005267242793112395414249751094309866694523291788e-34 -.11428487484882921542742303378082342235253161054596e-31
.31154501338015008784509524346023169735195736954999e-47 485.51881851337103781169138383465237951033366800296 .12722645459023614945499693439129058641868937089916e-44 .19321500532387744790008356012073355520439098251791e-41 -.13795869292250094732274995532798310841917844849328e-39 .19057329884896295903880250359542909454990775559805e-38 .89843909969203780185050107186003457997581527938928e-37 -.65861933398041061841796603477101093722932368096570e-35 -.53720966456230352344249575335386937110492789028039e-34 .10067875250708267803585994646210371639015325405955e-31
.20990402165282147258696671812466923740550963490735e-47 -.11580185513845580791720685796197048393845293674578e-46 3806.5462663914510580884822288419015896392656544815 -.12812219061401903160288723424404683865138756207525e-41 .10124683404947461003493025547080720963644164010411e-39 -.14938967923532546277929245031598148071609513089388e-38 -.73630191978590357111351726117112390774290209358116e-37 .55704621375092464372227813979352085764529641975530e-35 .46507254936875925495846621240099753391915089735879e-34 -.88727251119070627286869191817521433782514234209920e-32
-.11606233993046564860314748301150245795379135770283e-44 .30451688186078755502278705761061852844804981063139e-43 -.15819211689832280681693295575226286304378413610114e-42 14617.273305118780663739225811203755450327537699470 -.72867172524793504918797214914985976586361252576659e-40 .11407767009468047829726075720452816018200586614373e-38 .58942626173016487955102138266141461084064478807097e-37 -.46187756774819773925163690347316630530079190632244e-35 -.39592410235231035369809055823690210836471027414118e-34 .77087640324738789728038025308625345506901118843988e-32
-.24925006529870708674782168144718482872119976849337e-44 .72629762087178278083315032017595002044939353354519e-43 -.41790271731638700120956188193023472535347434958612e-42 .59912792880119357089841809854743311529822117650367e-42 39943.831778509466745872738417717553685787523791087 -.85969531185976567185503960323018989388152620046256e-39 -.46733605732601552835680264026486050615599849447079e-37 .37912390100398384974476561010563244370272737995950e-35 .33386798552383085787084299075165813454681055902516e-34 -.66400296406996059442486576931776097206405559433843e-32
.73004071569031487251524450780587671848485848865297e-42 -.22653996021254000264205636066535840365721338784459e-40 .13922867674585806493829958638582620761231911477380e-39 -.40751618813914391326868453687588092899346605497739e-39 .80713359435292536473964851910259979787111223595018e-39 89135.405071423239458198842477876989246392897574054 .39059430507523159757340196616863372236219969615685e-37 -.30979396228140387803789380877668620931587711727897e-35 -.27973617689876015584317693653725709692820692127024e-34 .56830450177470598984703280450191235126700937711526e-32
-.35596252651656126803741262477599565535651187537101e-41 .11512312684546541325338634664613302939187200103578e-39 -.73969889694682386411798384202950487060773664098317e-39 .22736569755160707196812627814469414437206411081062e-38 -.48987608743994937024078133680615466256184102834184e-38 .81855235820013775096148325676151977459253716322603e-38 173881.31565610572876370492179723787572953535470347 .25427668262246870251113295315652276872689747448839e-35 .23350487349056899823338211260116690627623820657631e-34 -.48453047079583548016093612850711655213738020064023e-32
-.48800974161177788989814889884323965331211397170668e-40 .16250055277561447209350816845415075990936741409873e-38 -.10775480317133533536974196218478321528761848088952e-37 .34309160491918776948883378721030564484977959418686e-37 -.76976779833082491224081969057947869731011166391016e-37 .14058097083236793934390687917440064138449361740355e-36 -.19971403960756677788686486170839999728000862373759e-36 308208.45209365123202530912494085528588964740358673 -.19964439710833495422630673343844935184715857998413e-34 .41250818796480664100854125279379766324557942402026e-32
.25023349154599098447424661820149385631536038353093e-38 -.85146192474261374842980749088440385535149256470103e-37 .57791925752900666557278269917965746095146368846518e-36 -.18892684066824699466535281452800313794136961131642e-35 .43535297506295623856207436839577540164841697864848e-35 -.81412135697802862805219385309890547640005797226962e-35 .13250069890498719422778979919276736892297340900753e-34 -.17954218352632250228956863419277847737102463670273e-34 508481.54326606746868079473319561236213621975554831 -.35473838219463237015022068875182809422495333087924e-32
.42443147847348990820588244687416893717081640610811e-38 -.14684569462620975978445244323933452480279348620895e-36 .10146247785480959153184723298290122047995384963128e-35 -.33850760501265868129543372748340974872134301898428e-35 .79677629776644032336990040029476610842843330879477e-35 -.15217458917552406688617504964680373795824637367946e-34 .25325272235074242614225752612609662997267376606117e-34 -.39586169380502712308346572432928322585928691851172e-34 .39918987516299806321184943775723563215632272273427e-34 793403.13454011624185066388431185472664481706289738
