1.5000000000000000000000000000000000000000000000002 -4.1045097302078361437231133589167682282615324189237 4.0130329616953739354256387088038842513028281093758 -4.0033858099970980072692566782965849798057789552524 4.0012383579717343085993883624325142894469211241341 -4.0005548447625973561429468825915269547131903368780 4.0002844064597895654928166444814757030330730180719 -4.0001604480235832334393348392431078924857238913817 4.0000972516237572468079646326309912442034719249699 -4.0000623267312999307748788457728622479188778282702 4.0000417646978198495788427624912256237519059467440
.10450973020783614372311335891676822826153241892506 1.4999999999999999999999999999999999999999999999983 -4.5847814583087362350479059747148102873700286950566 4.1374263383852481771124623025680143687642773718204 -4.0492184061701373943959215765644664698623401510714 4.0219072506028143598947948864437476041582226143001 -4.0112002442358651254418108828465502761417756726953 4.0063111164754076260665309509102092355082059528127 -4.0038230127414195649954203288494976882357474206958 4.0024492774981245415731907735878084183067827505494 -4.0016409203313558035791267107561291381997837706877
-.13032961695373935425638708803884251302828109383821e-1 .58478145830873623504790597471481028737002869506254 1.4999999999999999999999999999999999999999999999981 -5.4084330323965218952664010167649153722441049505424 4.4213428000965918032456666848921746247585019997347 -4.1784412129588673909100244228737770990530846532230 4.0895264189991407868179047800907763816410354212122 -4.0500200057032700411986174241847566474078414922076 4.0301702782109009035587556765517169818560563928276 -4.0192834990572267170019302575846185813368053780656 4.0129012830009319936360980391704679772214283652200
.33858099970980072692566782965849798057789542476730e-2 -.13742633838524817711246230256801436876427737076229 1.4084330323965218952664010167649153722441049494445 1.5000000000000000000000000000000000000000000011260 -6.3086079098313177939643101763143478827434812471482 4.7846290806624009349289954035049892984642985698594 -4.3671204897061486257395810976458602456596784486638 4.1991513963796207251011298988347501546552720430437 -4.1183910170806615493745921884767625681597315933594 4.0750772402669906224700879069444948118158759653147 -4.0499993820798104047401762458354499039634800924201
-.12383579717343085993883624325142894469211061248978e-2 .49218406170137394395921576564466469862340138107601e-1 -.42134280009659180324566668489217462475850199074485 2.3086079098313177939643101763143478827434812402799 1.5000000000000000000000000000000000000000000033143 -7.2480223017598441245463262763495426167279774122320 5.1929097254063281974783616878928753247776745536234 -4.5955885160195297116143622782296218316161418755968 4.3410084678280601831137404478980719099992105288414 -4.2120556830719634835119590759967634578112512410945 4.1396552317055952680391037107062775846810739154178
.55484476259735614294688259152695471319058496021213e-3 -.21907250602814359894794886443747604158223032351751e-1 .17844121295886739091002442287377709905308521159557 -.78462908066240093492899540350498929846429925030419 3.2480223017598441245463262763495426167279781907634 1.4999999999999999999999999999999999999999991439686 -8.2071837782593434113148133710073408961782983267681 5.6275010784394525537332725817254254429159302476730 -4.8502322730827203954801500882473516201505798893127 4.5062586362641828184846740901553788758368558967373 -4.3256450126856887294638821470767424608428304238895
-.28440645978956549281664448147570303307313028811890e-3 .11200244235865125441810882846550276141776822453895e-1 -.89526418999140786817904780090776381641037452080227e-1 .36712048970614862573958109764586024565968128742001 -1.1929097254063281974783616878928753247776780777469 4.2071837782593434113148133710073408961783033235262 1.4999999999999999999999999999999999999999954713666 -9.1778462719467164265653107586266051534125261544659 6.0786754019641189608336088722686264444999994671491 -5.1226808183726650750051760886582599093060043163679 4.6885486985958398529736433377998529810514509354529
.16044802358323343933483924310789248555642683527146e-3 -.63111164754076260665309509102092355080484311681856e-2 .50020005703270041198617424184756647407692566673709e-1 -.19915139637962072510112989883475015465513125142640 .59558851601952971161436227822962183161600825480037 -1.6275010784394525537332725817254254429158037019859 5.1778462719467164265653107586266051534124086236731 1.5000000000000000000000000000000000000001182407501 -10.155763618354756062978797720941283687475863416797 6.5409054405921529774762938494875982117617640863810 -5.4076576576198545523510259859003067244557023909198
-.97251623757246807964632630991244199028672665520865e-4 .38230127414195649954203288494976882311420813965404e-2 -.30170278210900903558755676551716981851309486829432e-1 .11839101708066154937459218847676256815484825460292 -.34100846782806018311374044789807190999420382719959 .85023227308272039548015008824735162014546570613189 -2.0786754019641189608336088722686264444947963445342 6.1557636183547560629787977209412836874704617403524 1.5000000000000000000000000000000000000053523119242 -11.138547008562646362630855458485146556946915380235 7.0108507570335510491089957232931932714528038095732
.62326731299930774878845772862247814441710503990395e-4 -.24492774981245415731907735878084182155689034911214e-2 .19283499057226717001930257584618581257234120219302e-1 -.75077240266990622470087906944494811747694598468589e-1 .21205568307196348351195907599676345775359684555326 -.50625863626418281848467409015537887578870265062173 1.1226808183726650750051760886582599092662417477943 -2.5409054405921529774762938494875982117291612997891 7.1385470085626463626308554584851465569152541528144 1.5000000000000000000000000000000000000209565686734 -12.124750623440647096719059404122539322045285334930
-.41764697819849578842762491225608833325554319142954e-4 .16409203313558035791267107561291235281464579075164e-2 -.12901283000931993636098039170467962768441534918954e-1 .49999382079810404740176245835449889726678543724246e-1 -.13965523170559526803910371070627757064729919603659 .32564501268568872946388214707674244699592689442538 -.68854869859583985297364333779985296737317535521093 1.4076576576198545523510259859003067109270150651788 -3.0108507570335510491089957232931932580499983979771 8.1247506234406470967190594041225393087453934347767 1.5000000000000000000000000000000000131851282945286
