.42912181000574983968753229222828921290605673017623 -7.4060977307211749242557018926104059686880681723652 22.596726562962794015912669797836877298092809370323 -34.143577505870202123371546931822259298416012638976 47.263440271531555332172394179342196609031112743186 -59.473702470853579404876466674922138869643488292609 72.280580242601936490942082278958157833245301655985 -84.668508586854832598864337172484035554339692858511 97.369277490425579892713984052835206295302214810832 -109.82859189495864601478098081174193146271399567714 122.48075698772785541212959776248817865954824412501
.69207191229022550020925742862140168644072216052901 -6.6471426935612053884731238582697839101367205839908 -.92997856348760233481094075526223299925245214618055 23.374406310035722777843729330171372167662704092238 -32.276219001130599619374788736436336665313378827887 47.052706279945722528806632216578395485069412965704 -58.039085916114045035602905817083894240630428902957 71.689635321262672320557973296751312117471464915978 -83.384084566142975742204924449598780116298665442983 96.603818818675855008186235148740676884449118492057 -108.61862175726580428895051308379744874442547229489
.27675891922028704351366151394841596465196749473710 2.8971990325210750129375135612420889604998382968577 -22.952113308169081216592750368603194573476881288394 8.1713203989938061299378103725808441075108000235339 26.189016982303080292714701494637376884535648229084 -31.734512561477722081102210821254134031074721741036 48.826003271945053014653895506036029511244160353125 -58.013704755170356339135006388584405469927097166589 72.893200053680975500779919225437331748364431091872 -83.472671424050996937146424276687653078544417606862 97.497404105350954011564420227859788758716157128106
.94418280277576742991909771693033705728315580807778e-1 1.2806340105081047243443897290736946395090011362936 8.4234955949310035750762599830136448202762682341713 -49.459105075610268232654298589223087569430243136972 21.315079795334746499990941124791043654715905864163 28.855288946310836578152904849580941746301798073529 -30.923852212280723263672825089201310477185363482873 50.656814201077495799587154615595311024579972699601 -57.906704262605729497792793799209530286861839400279 74.131904156279318199134937949138766462039409589974 -83.437791852838563633211104730670104663860981909275
.82564320937325577704057416863839743370382840743299e-1 .15797033836563267022377068964652475381788610224051 3.1480125992034175627031628170364428169489530731460 17.630228282992137467958144487162049043463442149457 -85.792327390319575198614865847719386011231394967126 38.334578694612284531132890294178835929671011291846 31.676305032715145921891312246339806700982498793360 -30.031235122942294674596082264675114043384941624175 52.794427312018790209196551091085167678292308529941 -58.021976541777084526739765460784222048686566992282 75.700183033279145441532930293332946912451155812704
.39981253160998520387825081113785394460578444009991e-1 .51092899470494515467749472099056494019458992513853 -.97986451773533249104925298950616482112122005580358e-1 5.4180128231869216530835985192578898655163687799669 30.701019171454132703681975115407262261486370732340 -131.99902357535027370915389931555888357251360245208 59.303182601890900753995848064003686457023221795492 34.576775977461604948881768822532287591100439331450 -28.919557042178406166961130010398285192863212370735 55.135601646929384006014732858392400753027262805969 -58.265740500699755931344338720393118744894922579186
.38302394243160391334062962563307808701820339004310e-1 .72891658820540812318222755328342435243183795205821e-1 1.5081534146376571086432518039973344124230357134565 -.49272070198686352046712334468158158983065091494421 7.9514874655224107177784992207034242446140512247968 47.702882793199639946897699366960284161084096752409 -188.07503970350939365101426513101419728229750341297 84.240924862396930341499536136211240871056069064870 37.532129671712516456339173919655970415477891123191 -27.519495854446586832715673258839521817327114216474 57.628581014334259508863181476746251029601257832423
.22259948698519119282558910455399148824609707538582e-1 .25957084733898473578870277975297380946574827347719 -.16081159090219170668165964252023813745460946897322 2.9620235023858348761421458497827963781229370126912 -.83204852174693164733690600471566988571727441781773 10.646350969911847905642063257562500354353306987621 68.664438528101146167239097764969512554921496211358 -254.02067893827554652735147731564470264793182247087 113.15918076694083630071317750941202517950193535151 40.525833093143544854191372176581934149931360280237 -25.785417141694166291898591781453158003687936779755
.21896736147272476290818965062747223071923177458297e-1 .51865762807233893029729001886195908073379619796878e-1 .83665552511356505088328068060248153519294334210455 -.70951405521956240127094360851443237987387004339476 4.7775170332976904505353357245907333881811515169957 -.98235396946141051750668984941880026855661381739868 13.447423167188796959470043349225266179314159407149 93.600551371530087970863489949927665301981701588389 -329.83592143049929673523752606084781910044619735813 146.06432131075268316859198707403931730646895605324 43.547325659924813111242582280567849360895152984033
.14203191020456221658078086272432495131395216699541e-1 .15328887667397823336705376120286475193849095757075 -.82179219829675995750663708145025130323250579564801e-1 1.7789295806034297283480636727613843343714215544695 -1.5043336064043037145679497815892915020933846662352 6.8618245250129041173668175391464514277163945790350 -.86205047119193630681626345924721432984994634899100 16.321419520029461053415512922589647696562960832067 122.51958081448248452972124892903562568812335366328 -415.52076839023607432187369734379331613339928552844 182.96022251483881100735489242294644696679430384077
.14120625118319628939945335109724028305555003864556e-1 .39807880575392185314974745004240895983266297449429e-1 .51591204841976040038772409236611731729872037827139 -.47453222035768749706802980160248696542423999659813 3.0605036317998248188879568292679771870186835771531 -2.4588914784950257710178378675325651045708567195922 9.1467049035211169877395076880676456677446542158349 -.41963864234171375636407410823817410961660286559607 19.247461143015862000308790677829505947804709999676 155.42659312917459279273669620143172708182732499994 -511.07521974734840395519562295049640282789132392787
