.24491636822801148578158975136770628070633258948515 -4.9059294776637384622228755515190433811320563102360 17.842324334821498689474989254164901500062135650273 -30.476305192866351333707340818409151720956876408258 43.045985232536473512156691171275105347255550311333 -55.612294739749942695804729317024911009558135148852 68.177958810966603744236011732578969129699627506503 -80.743712757747448672804854286900930238526283735546 93.309618842683473387089437672570815480371107180720 -105.87564997898865114049687801343730375424943836763 118.44177205279000308835154737563617923141247856712
.29312330366131393609815942745371975678719715153184 -3.3378356589702589185577236477443561304084036918378 .46615894006935581385194241984647417221006956785191 16.302612394179691992716887161413071724340585868622 -29.388954562709098746591024871414706752367221581239 42.045692884849701212190864671752994990553167197264 -54.621208855000637744948067754520265763669361267549 67.180005281560241618601878571931251294099383266461 -79.736588209958602768390129499661940499084790209726 92.294291975555164273997328915250709911875698491430 -104.85364692908811440320904260335059900775815613311
.58139343351206185213978391434328872847456499301776e-2 2.3985836519458877131029763565844025897532740880345 -13.185186856616219734017253168333532442049900886410 9.0300411575385018878394301075451422769757240888077 15.235046427298160857661351201827453319558646519982 -29.555001123356210890844704800448956885656616311844 42.500948489382292192309544968963409752084776023116 -55.133889671419411202028593313369790509161653499206 67.684819481145558948827794365424742424691344363714 -80.216446749177494528745081602200573771695758110956 92.747194733675977470351977263637745290457517819719
-.12231687459005703376757034884284057160344640588449e-1 -.82072955186559850273857103862423326565690958691998e-2 7.9852835260802781535252902869596827530302494378094 -29.807433493399689090828996628207277608932896689575 21.928579762804139526955672642241992997297621196102 12.983534939524164974102203529843373589940700726243 -29.216916248819540061714728111775261631553689790764 42.695847876726694478702992509154630544300007193791 -55.478210541943988450844903006883700629017575858735 68.049984024852873245987446966574028621651911002269 -80.557786140485497488591703858319803355583470187248
.83690283603174072109411498418662083682035211813588e-2 -.16035025348295195804489612114911238610693422328896 -.23350976111069145604313927953013886009367399349132 17.259101014146224031034124911436690179979079451928 -52.982502295650280761474733719333802510662382583919 38.809041697673544760570189402072339980871891020318 9.8529482468960316688659140894907890601872750059564 -28.647152387968441031254661847922539622933555384191 42.908145702903373856335496519119787728974459836236 -55.952404125097181715676792474263922490377952596023 68.595182151323708693828089710836808091003716183363
-.54935986913772518174810834718866255399495944140345e-2 .14139306930840075642449686824868925528049480122909 -.54838770235059939858191297826193869698671188476895 -1.0093525125394484953332401233445938360534028838364 30.383403374680029791600616589430005420155896802581 -82.739762178666924641066111673497147892667528821890 59.689009008769101198928647208676241748085096054831 5.7860960622032877682771166211401025013636481934424 -27.764244717098939661036811778026558876973733278526 43.052129535069769928411895308372801147358549150559 -56.478529082053921738249937816199110474753211629305
.37095924910669128674808727961192614002343010551803e-2 -.10771468978580012658900226283755023877018437536720 .57230956833203405889751290185476821620597573601027 -.98762810872517713074086556136115751678042188916371 -2.5082300597302572952171331254831660244586151827476 47.426640219937467778450155398436498640932563912903 -119.07657573708919291690795874431822199272673832493 84.565591820745892323210480856024564964355749111404 .76490741847396614177996277136537311972288098666744 -26.532496922839640794530329021903383104976259998628 43.084355229926206631394666333945992325246245762797
-.25968702786110905215684089167806629471596161447375e-2 .80583770055098580040865555255343141576417173134687e-1 -.48085426193719466343858402538924157126129491246006 1.2283125280777445224744973662482576004210489903115 -1.3303184085464827010147891970477421005541454273916 -4.8366367834931176642713825229956446696200494301434 68.420577568207502039650065618765972815791798458249 -161.99313765732925521590769788430123986439188472562 113.43921528677970433280509481944663845758290585154 -5.2237343792294684665170376557951599501994487929742 -24.926395958334006113428122950826727022013768697809
.18795663355283570701234298077164109017544882384002e-2 -.60843680237703984334126456412703256725742644350652e-1 .38601455841406235846779054858155192385119846346070 -1.1212630728193982904997094842148944384379712481012 2.0066209274357339108825890085883076194232840250531 -1.4660660466958020942652751216480335142394059370922 -8.0531324121978369387969770751384324680373093065675 93.382531416640483582100451474011986608338897052498 -211.48943510187177172939751808624244392432773179686 146.31039941726108432413406702557736089617476378302 -12.188477664263394104267614419607351473408287543440
-.14003881666360847469013894033425616429510386698715e-2 .46681889956844634654088417116369452433887347496509e-1 -.30772409492706043055945687565064353196808054847439 .95341083356935861642591708393780526943041336351466 -1.9686975957009142102184402422888624363104507880096 2.8116857024882412920601354257880386720560673013728 -1.3241081428977814090413388071197652415222660713505 -12.192853835044900819420729030013596138391002684020 122.32258199791473963520896442547512080271850395294 -267.56546885712093672368843900538624643477949095994 183.17962413547551665878663039453765020152699751183
.10695995013136973988082694559634718411347946605251e-2 -.36432800489965801470927704869833417438852193059410e-1 .24657260086761046828440551441150467750253173140802 -.79453090212050797769190918222769246973286756788961 1.7555032021292143160596978686800966958051253710871 -2.9492601408256627353963920122800945434112484375218 3.5730673565442923473609269667090390040392546603576 -.85791475629662604960474197323941718991429295502048 -17.277815865366184679848568909292632167838087509099 155.24699225604568228232901092706720051191539468061 -330.22123887733476031170150456410332852742095413517
