4.0000000000000000000000000000000000000000000000000 -4.0000000000000000000000000000000000000000000000000 4.0000000000000000000000000000000000000000000000000 -4.0000000000000000000000000000000000000000000020000 4.0000000000000000000000000000000000000000000000000 -4.0000000000000000000000000000000000000000000000000 4.0000000000000000000000000000000000000000000000000 -4.0000000000000000000000000000000000000002000000000 4.0000000000000000000000000000000000000000000000000 -4.0000000000000000000000000000000000000000000000000 4.0000000000000000000000000000000000200000000000000
-4.0000000000000000000000000000000000000000000000000 4.0000000000000000000000000000000000000000000000000 -4.0000000000000000000000000000000000000000000000000 4.0000000000000000000000000000000000000000000020000 -4.0000000000000000000000000000000000000000000000000 4.0000000000000000000000000000000000000000000000000 -4.0000000000000000000000000000000000000000000000000 4.0000000000000000000000000000000000000002000000000 -4.0000000000000000000000000000000000000000000000000 4.0000000000000000000000000000000000000000000000000 -4.0000000000000000000000000000000000200000000000000
4.0000000000000000000000000000000000000000000000000 -4.0000000000000000000000000000000000000000000000000 4.0000000000000000000000000000000000000000000000000 -4.0000000000000000000000000000000000000000000020000 4.0000000000000000000000000000000000000000000000000 -4.0000000000000000000000000000000000000000000000000 4.0000000000000000000000000000000000000000000000000 -4.0000000000000000000000000000000000000002000000000 4.0000000000000000000000000000000000000000000000000 -4.0000000000000000000000000000000000000000000000000 4.0000000000000000000000000000000000200000000000000
-4.0000000000000000000000000000000000000000000020000 4.0000000000000000000000000000000000000000000020000 -4.0000000000000000000000000000000000000000000020000 4.0000000000000000000000000000000000000000000040000 -4.0000000000000000000000000000000000000000000020000 4.0000000000000000000000000000000000000000000020000 -4.0000000000000000000000000000000000000000000020000 4.0000000000000000000000000000000000000002000020000 -4.0000000000000000000000000000000000000000000020000 4.0000000000000000000000000000000000000000000020000 -4.0000000000000000000000000000000000200000000020000
4.0000000000000000000000000000000000000000000000000 -4.0000000000000000000000000000000000000000000000000 4.0000000000000000000000000000000000000000000000000 -4.0000000000000000000000000000000000000000000020000 4.0000000000000000000000000000000000000000000000000 -4.0000000000000000000000000000000000000000000000000 4.0000000000000000000000000000000000000000000000000 -4.0000000000000000000000000000000000000002000000000 4.0000000000000000000000000000000000000000000000000 -4.0000000000000000000000000000000000000000000000000 4.0000000000000000000000000000000000200000000000000
-4.0000000000000000000000000000000000000000000000000 4.0000000000000000000000000000000000000000000000000 -4.0000000000000000000000000000000000000000000000000 4.0000000000000000000000000000000000000000000020000 -4.0000000000000000000000000000000000000000000000000 4.0000000000000000000000000000000000000000000000000 -4.0000000000000000000000000000000000000000000000000 4.0000000000000000000000000000000000000002000000000 -4.0000000000000000000000000000000000000000000000000 4.0000000000000000000000000000000000000000000000000 -4.0000000000000000000000000000000000200000000000000
4.0000000000000000000000000000000000000000000000000 -4.0000000000000000000000000000000000000000000000000 4.0000000000000000000000000000000000000000000000000 -4.0000000000000000000000000000000000000000000020000 4.0000000000000000000000000000000000000000000000000 -4.0000000000000000000000000000000000000000000000000 4.0000000000000000000000000000000000000000000000000 -4.0000000000000000000000000000000000000002000000000 4.0000000000000000000000000000000000000000000000000 -4.0000000000000000000000000000000000000000000000000 4.0000000000000000000000000000000000200000000000000
-4.0000000000000000000000000000000000000002000000000 4.0000000000000000000000000000000000000002000000000 -4.0000000000000000000000000000000000000002000000000 4.0000000000000000000000000000000000000002000020000 -4.0000000000000000000000000000000000000002000000000 4.0000000000000000000000000000000000000002000000000 -4.0000000000000000000000000000000000000002000000000 4.0000000000000000000000000000000000000004000000000 -4.0000000000000000000000000000000000000002000000000 4.0000000000000000000000000000000000000002000000000 -4.0000000000000000000000000000000000200002000000000
4.0000000000000000000000000000000000000000000000000 -4.0000000000000000000000000000000000000000000000000 4.0000000000000000000000000000000000000000000000000 -4.0000000000000000000000000000000000000000000020000 4.0000000000000000000000000000000000000000000000000 -4.0000000000000000000000000000000000000000000000000 4.0000000000000000000000000000000000000000000000000 -4.0000000000000000000000000000000000000002000000000 4.0000000000000000000000000000000000000000000000000 -4.0000000000000000000000000000000000000000000000000 4.0000000000000000000000000000000000200000000000000
-4.0000000000000000000000000000000000000000000000000 4.0000000000000000000000000000000000000000000000000 -4.0000000000000000000000000000000000000000000000000 4.0000000000000000000000000000000000000000000020000 -4.0000000000000000000000000000000000000000000000000 4.0000000000000000000000000000000000000000000000000 -4.0000000000000000000000000000000000000000000000000 4.0000000000000000000000000000000000000002000000000 -4.0000000000000000000000000000000000000000000000000 4.0000000000000000000000000000000000000000000000000 -4.0000000000000000000000000000000000200000000000000
4.0000000000000000000000000000000000200000000000000 -4.0000000000000000000000000000000000200000000000000 4.0000000000000000000000000000000000200000000000000 -4.0000000000000000000000000000000000200000000020000 4.0000000000000000000000000000000000200000000000000 -4.0000000000000000000000000000000000200000000000000 4.0000000000000000000000000000000000200000000000000 -4.0000000000000000000000000000000000200002000000000 4.0000000000000000000000000000000000200000000000000 -4.0000000000000000000000000000000000200000000000000 4.0000000000000000000000000000000000400000000000000
